4 14054
5 11899
3 11586
6 9557
7 7290
8 5591
9 4056
10 2985
11 2301
12 1704
13 1302
2 1258
14 1060
15 812
16 709
17 586
18 449
19 365
20 323
21 287
22 232
23 191
24 173
25 159
26 143
1 131
27 129
28 99
29 88
31 88
30 73
32 57
35 54
33 53
34 51
36 35
37 31
40 28
39 27
41 24
38 23
43 18
44 17
42 17
47 14
46 12
48 11
52 11
51 9
50 9
56 8
60 8
49 7
45 7
53 7
54 6
66 5
61 5
58 5
57 5
64 5
74 5
67 5
68 4
62 4
59 3
78 3
87 3
55 3
70 3
80 2
71 2
77 2
69 2
91 2
103 2
117 1
133 1
96 1
129 1
84 1
75 1
65 1
85 1
73 1
76 1
169 1
149 1
134 1
82 1
107 1
92 1
89 1
83 1
90 1
